model | det | pck20 | pck10 | ang_mae | ang_med | ang_p90 | ang_gt30 | lr_swap | conf_auroc
mp-lite-gpu | 0.956 | 0.840 | 0.662 | 12.5 | 4.8 | 27.0 | 0.089 | 0.022 | 0.56
mp-full-gpu | 0.970 | 0.887 | 0.760 | 10.0 | 3.8 | 19.6 | 0.066 | 0.004 | 0.63
mp-heavy-gpu | 0.974 | 0.902 | 0.816 | 9.4 | 3.5 | 16.9 | 0.059 | 0.018 | 0.53
movenet-lightning-webgl | 1.000 | 0.884 | 0.742 | 11.5 | 4.1 | 23.1 | 0.080 | 0.015 | 0.90
movenet-thunder-webgl | 1.000 | 0.902 | 0.787 | 10.9 | 3.7 | 19.8 | 0.073 | 0.020 | 0.89
tfjs-blazepose-full-webgl | 0.974 | 0.887 | 0.755 | 11.3 | 3.8 | 21.7 | 0.081 | 0.014 | 0.66
rtmpose-s-fp32-webgpu-every | 0.991 | 0.937 | 0.806 | 9.6 | 3.4 | 18.1 | 0.064 | 0.008 | 0.85
rtmpose-s-fp16-webgpu-every | 0.989 | 0.513 | 0.428 | 64.2 | 45.4 | 161.7 | 0.567 | 0.004 | 0.46
rtmpose-s-int8-wasm-every | 0.980 | 0.022 | 0.006 | 71.6 | 65.0 | 149.6 | 0.722 | 0.000 | 0.49
rtmpose-m-fp16-webgpu-every | 0.989 | 0.966 | 0.902 | 6.2 | 2.5 | 12.1 | 0.031 | 0.019 | 0.89
rtmo-s-fp32-webgpu | 1.000 | 0.619 | 0.424 | 37.3 | 20.3 | 103.2 | 0.397 | 0.016 | 0.61
rtmo-s-int8-wasm | 1.000 | 0.859 | 0.684 | 12.7 | 5.1 | 29.3 | 0.098 | 0.020 | 0.72
